Zona 1
441.00 67.00 84.00 15.00
969.00 24.00 128.00 23.00
962.00 64.00 55.00 10.00
881.00 47.00 111.00 16.00
995.00 22.00 77.00 11.00
991.00 44.00 52.00 8.00
692.00 42.00 71.00 31.00
918.00 55.00 97.00 11.00
771.00 38.00 119.00 27.00
867.00 39.00 135.00 29.00
903.00 71.00 172.00 8.00
673.00 64.00 191.00 6.00
453.00 48.00 97.00 19.00
662.00 77.00 137.00 24.00
723.00 41.00 129.00 33.00
716.00 55.00 190.00 17.00
688.00 66.00 90.00 7.00
464.00 48.00 196.00 20.00
690.00 29.00 120.00 25.00
406.00 41.00 143.00 13.00
829.00 43.00 134.00 9.00
556.00 40.00 66.00 31.00
531.00 48.00 194.00 14.00
426.00 63.00 187.00 33.00
918.00 62.00 179.00 16.00
433.00 55.00 189.00 23.00
904.00 50.00 77.00 31.00
873.00 26.00 121.00 10.00
924.00 72.00 170.00 14.00
777.00 53.00 197.00 17.00
Zona 2
986.00 50.00 61.00 11.00
555.00 67.00 155.00 9.00
831.00 72.00 100.00 15.00
541.00 24.00 66.00 15.00
907.00 31.00 57.00 32.00
857.00 67.00 53.00 8.00
945.00 49.00 159.00 13.00
621.00 68.00 172.00 21.00
906.00 30.00 113.00 13.00
700.00 31.00 62.00 10.00
410.00 79.00 74.00 22.00
948.00 23.00 195.00 26.00
402.00 70.00 141.00 31.00
774.00 60.00 146.00 26.00
748.00 59.00 68.00 9.00
881.00 74.00 103.00 24.00
418.00 58.00 50.00 13.00
527.00 67.00 178.00 18.00
448.00 63.00 157.00 26.00
910.00 37.00 63.00 9.00
909.00 76.00 85.00 26.00
600.00 49.00 69.00 31.00
998.00 23.00 124.00 33.00
844.00 49.00 189.00 7.00
595.00 45.00 143.00 8.00
923.00 47.00 114.00 28.00
648.00 20.00 158.00 23.00
580.00 76.00 148.00 16.00
789.00 58.00 159.00 12.00
472.00 62.00 138.00 27.00
Zona 3
438.00 79.00 90.00 22.00
558.00 31.00 65.00 33.00
956.00 71.00 52.00 29.00
672.00 35.00 128.00 31.00
962.00 46.00 175.00 28.00
869.00 62.00 194.00 11.00
681.00 38.00 172.00 26.00
821.00 79.00 157.00 11.00
692.00 49.00 175.00 7.00
600.00 70.00 53.00 24.00
861.00 68.00 101.00 14.00
655.00 63.00 102.00 30.00
582.00 45.00 138.00 21.00
817.00 77.00 132.00 7.00
969.00 74.00 121.00 34.00
576.00 29.00 168.00 17.00
825.00 75.00 184.00 24.00
641.00 52.00 195.00 5.00
518.00 53.00 139.00 8.00
479.00 36.00 87.00 24.00
749.00 57.00 116.00 24.00
593.00 55.00 197.00 21.00
486.00 45.00 88.00 27.00
855.00 74.00 164.00 6.00
516.00 51.00 136.00 28.00
513.00 75.00 185.00 18.00
712.00 28.00 82.00 10.00
513.00 56.00 171.00 33.00
646.00 42.00 81.00 9.00
796.00 22.00 129.00 6.00
Zona 4
535.00 70.00 123.00 31.00
444.00 79.00 92.00 14.00
853.00 64.00 104.00 25.00
945.00 29.00 186.00 8.00
674.00 22.00 118.00 13.00
587.00 25.00 158.00 16.00
402.00 45.00 127.00 9.00
714.00 44.00 134.00 19.00
772.00 79.00 183.00 25.00
687.00 57.00 68.00 22.00
773.00 70.00 163.00 33.00
792.00 25.00 152.00 25.00
813.00 27.00 52.00 24.00
927.00 65.00 93.00 9.00
623.00 52.00 61.00 26.00
803.00 32.00 155.00 28.00
925.00 31.00 142.00 27.00
822.00 46.00 64.00 15.00
987.00 40.00 113.00 19.00
870.00 30.00 135.00 28.00
911.00 40.00 196.00 22.00
485.00 30.00 190.00 19.00
695.00 44.00 169.00 30.00
576.00 54.00 58.00 27.00
971.00 46.00 78.00 8.00
851.00 64.00 168.00 29.00
519.00 72.00 150.00 32.00
860.00 26.00 60.00 22.00
770.00 55.00 176.00 22.00
443.00 38.00 164.00 14.00
Zona 5
482.00 66.00 65.00 12.00
577.00 34.00 125.00 12.00
629.00 28.00 123.00 25.00
702.00 42.00 173.00 31.00
537.00 21.00 195.00 10.00
464.00 60.00 102.00 21.00
630.00 66.00 111.00 26.00
811.00 67.00 53.00 15.00
790.00 64.00 88.00 18.00
540.00 51.00 112.00 34.00
700.00 33.00 108.00 33.00
965.00 67.00 127.00 5.00
658.00 39.00 103.00 15.00
557.00 64.00 77.00 13.00
513.00 27.00 51.00 25.00
460.00 68.00 143.00 29.00
605.00 20.00 111.00 29.00
635.00 36.00 122.00 15.00
623.00 45.00 56.00 31.00
826.00 77.00 176.00 12.00
937.00 71.00 69.00 26.00
696.00 22.00 117.00 7.00
517.00 56.00 85.00 16.00
823.00 29.00 129.00 10.00
959.00 72.00 146.00 10.00
453.00 62.00 184.00 9.00
454.00 72.00 57.00 34.00
732.00 43.00 107.00 28.00
711.00 75.00 67.00 23.00
875.00 58.00 173.00 7.00
